0 0.510167 0.059298 0.356333 0.057679
0 0.468222 0.273725 0.384222 0.061261
0 0.468167 0.491734 0.356333 0.054069
0 0.419333 0.687235 0.412222 0.063066
0 0.408833 0.951189 0.377222 0.054069
0 0.914000 0.939484 0.172000 0.048653
0 0.948944 0.728668 0.102111 0.027020
0 0.928000 0.582722 0.144000 0.045043
0 0.938500 0.442192 0.123000 0.027020
0 0.921000 0.257493 0.158000 0.043238
0 0.106611 0.051189 0.213222 0.055845
0 0.078667 0.298940 0.157333 0.057650
0 0.082111 0.571905 0.164222 0.059456
0 0.078667 0.807937 0.143333 0.048653
