0 0.503800 0.278371 0.369520 0.062697
0 0.536160 0.076208 0.378720 0.051891
0 0.485320 0.506479 0.332560 0.047566
0 0.457600 0.718371 0.406400 0.064869
0 0.476120 0.918371 0.387920 0.054045
0 0.730120 0.796199 0.194000 0.038914
0 0.753440 0.620056 0.205280 0.045056
0 0.747000 0.434616 0.154000 0.025524
0 0.769480 0.255946 0.173200 0.043539
0 0.785480 0.064494 0.166800 0.033034
0 0.089520 0.191376 0.160320 0.034551
0 0.094480 0.399335 0.188960 0.036049
0 0.108760 0.622303 0.160400 0.034532
0 0.144040 0.834017 0.115440 0.028521
0 0.724560 0.964654 0.198880 0.040543
