0 0.508235 0.070334 0.389265 0.051887
0 0.508235 0.270343 0.333676 0.067033
0 0.485074 0.507093 0.342941 0.060532
0 0.503603 0.710343 0.380000 0.069194
0 0.494338 0.916827 0.361471 0.049743
0 0.248713 0.964391 0.185368 0.045420
0 0.239449 0.808722 0.222426 0.049726
0 0.234779 0.617367 0.231765 0.051887
0 0.244081 0.436818 0.176103 0.036758
0 0.211618 0.262770 0.185441 0.051887
0 0.253346 0.064931 0.157574 0.019468
0 0.920956 0.197907 0.158088 0.047581
0 0.916324 0.401149 0.167353 0.034580
0 0.902390 0.614125 0.195221 0.032436
0 0.860441 0.829254 0.092647 0.030274
