0 0.632574 0.126553 0.368529 0.072078
0 0.670478 0.324756 0.335956 0.072054
0 0.662390 0.556284 0.341397 0.070269
0 0.635257 0.782408 0.330515 0.064866
0 0.377904 0.531064 0.097574 0.019829
0 0.378088 0.472518 0.097500 0.019804
0 0.388934 0.404046 0.097574 0.019829
0 0.388934 0.317567 0.097574 0.019829
0 0.399743 0.236491 0.097574 0.019829
0 0.388934 0.169817 0.097574 0.019829
0 0.372647 0.598643 0.097500 0.019829
0 0.388934 0.656308 0.097574 0.019804
0 0.361838 0.733778 0.097500 0.019829
0 0.372647 0.791443 0.097500 0.019804
0 0.323897 0.865318 0.097500 0.019829
0 0.898272 0.924780 0.097574 0.019829
0 0.936213 0.838289 0.097574 0.019804
0 0.860331 0.980623 0.097574 0.019829
