0 0.335299 0.540954 0.340513 0.068462
0 0.316410 0.765285 0.356752 0.070285
0 0.656923 0.195912 0.118974 0.037863
0 0.624316 0.455442 0.118889 0.025299
0 0.602692 0.533789 0.118889 0.025299
0 0.613504 0.605869 0.118974 0.025299
0 0.591880 0.661709 0.118974 0.025299
0 0.602692 0.731966 0.118889 0.025299
0 0.602692 0.798661 0.118889 0.025299
0 0.602692 0.874330 0.118889 0.025299
0 0.645940 0.389630 0.118889 0.025299
0 0.645940 0.301339 0.118889 0.025299
0 0.050000 0.836496 0.100000 0.025299
0 0.062179 0.917578 0.118889 0.025299
0 0.052692 0.984245 0.105385 0.025299
