0 0.402400 0.497698 0.358720 0.082889
0 0.361520 0.692302 0.349600 0.068476
0 0.400120 0.899508 0.381360 0.064857
0 0.114080 0.831032 0.081760 0.025238
0 0.118600 0.704952 0.081680 0.025206
0 0.141280 0.652698 0.081760 0.025206
0 0.132240 0.569825 0.081760 0.025238
0 0.141280 0.494143 0.081760 0.025238
0 0.141280 0.398651 0.081760 0.025238
0 0.154920 0.322968 0.081680 0.025238
0 0.159440 0.216667 0.081760 0.025206
0 0.645280 0.423873 0.081760 0.025206
0 0.640760 0.485127 0.081680 0.025238
0 0.686160 0.531984 0.081760 0.025238
0 0.668000 0.629270 0.081760 0.025206
0 0.713400 0.715762 0.081680 0.025238
0 0.965680 0.393238 0.068640 0.025206
