0 0.751339 0.058153 0.105197 0.030035
0 0.780197 0.146760 0.101811 0.030035
0 0.793780 0.235348 0.088189 0.021010
0 0.817520 0.324686 0.108583 0.025540
0 0.836220 0.413258 0.098425 0.028537
0 0.167756 0.640000 0.084803 0.025505
0 0.166063 0.569425 0.094961 0.019547
0 0.169449 0.445557 0.088189 0.018014
0 0.174528 0.387735 0.091575 0.019512
0 0.181339 0.301394 0.111969 0.027038
0 0.176220 0.167787 0.081417 0.018014
0 0.337402 0.690296 0.098425 0.021010
0 0.357756 0.790139 0.084803 0.025505
0 0.936299 0.713571 0.115433 0.028537
0 0.159291 0.843449 0.081417 0.024042
