0 0.838435 0.155753 0.084522 0.027027
0 0.819652 0.268340 0.084522 0.027027
0 0.833217 0.361429 0.084522 0.027027
0 0.829826 0.445521 0.084522 0.027027
0 0.816304 0.549151 0.084609 0.027027
0 0.809565 0.604672 0.084522 0.027027
0 0.806174 0.679768 0.084522 0.027027
0 0.812913 0.753320 0.084609 0.027027
0 0.819652 0.820888 0.084522 0.027027
0 0.819652 0.873475 0.084522 0.027027
0 0.853478 0.043127 0.084522 0.027027
0 0.637043 0.100193 0.084522 0.027027
0 0.640435 0.208301 0.084522 0.027027
0 0.664130 0.305907 0.084609 0.027027
0 0.650609 0.409498 0.084522 0.027027
