0 0.401638 0.163731 0.377069 0.075076
0 0.463750 0.372432 0.346983 0.069094
0 0.446638 0.574381 0.347069 0.088580
0 0.478750 0.777840 0.325603 0.078097
0 0.405948 0.968505 0.342759 0.062991
0 0.647974 0.927236 0.089914 0.028550
0 0.645690 0.818308 0.090000 0.028520
0 0.667069 0.761269 0.090000 0.028520
0 0.675647 0.714713 0.089914 0.028520
0 0.662802 0.635136 0.089914 0.028520
0 0.658534 0.581088 0.090000 0.028520
0 0.679914 0.524018 0.090000 0.028520
0 0.679914 0.442946 0.090000 0.028550
0 0.714224 0.369366 0.090000 0.028520
0 0.679914 0.282281 0.090000 0.028550
0 0.632802 0.175680 0.089914 0.028520
0 0.654224 0.097598 0.090000 0.028550
